24
4
1 3 1
3 5 1
3 2 1
1 5 2
4
1 3 1
0 0 1
2 0 1
5 8 4
5
0 0 4
1 0 1
-3 4 2
1 -5 5
-1 -3 6
3
0 -100 1000
0 901 1
0 904 2
3
0 -100 1000
0 904 2
0 901 1
3
0 904 2
0 -100 1000
0 901 1
5
-100 100 5
100 100 16
0 2 1
1 0 1
-1 0 1
2
1 0 1000
0 0 1000
2
1 1 1
-1 -1 1
100
-1000 -1000 10
-1000 -979 10
-1000 -958 10
-1000 -937 10
-1000 -916 10
-1000 -895 10
-1000 -874 10
-1000 -853 10
-1000 -832 10
-1000 -811 10
-1000 -790 10
-1000 -769 10
-1000 -748 10
-1000 -727 10
-1000 -706 10
-1000 -685 10
-1000 -664 10
-1000 -643 10
-1000 -622 10
-1000 -601 10
-1000 -580 10
-1000 -559 10
-1000 -538 10
-1000 -517 10
-1000 -496 10
-1000 -475 10
-1000 -454 10
-1000 -433 10
-1000 -412 10
-1000 -391 10
-1000 -370 10
-1000 -349 10
-1000 -328 10
-1000 -307 10
-1000 -286 10
-1000 -265 10
-1000 -244 10
-1000 -223 10
-1000 -202 10
-1000 -181 10
-1000 -160 10
-1000 -139 10
-1000 -118 10
-1000 -97 10
-1000 -76 10
-1000 -55 10
-1000 -34 10
-1000 -13 10
-1000 8 10
-1000 29 10
-1000 50 10
-1000 71 10
-1000 92 10
-1000 113 10
-1000 134 10
-1000 155 10
-1000 176 10
-1000 197 10
-1000 218 10
-1000 239 10
-1000 260 10
-1000 281 10
-1000 302 10
-1000 323 10
-1000 344 10
-1000 365 10
-1000 386 10
-1000 407 10
-1000 428 10
-1000 449 10
-1000 470 10
-1000 491 10
-1000 512 10
-1000 533 10
-1000 554 10
-1000 575 10
-1000 596 10
-1000 617 10
-1000 638 10
-1000 659 10
-1000 680 10
-1000 701 10
-1000 722 10
-1000 743 10
-1000 764 10
-1000 785 10
-1000 806 10
-1000 827 10
-1000 848 10
-1000 869 10
-1000 890 10
-1000 911 10
-1000 932 10
-1000 953 10
-1000 974 10
-1000 995 10
-979 -1000 10
-979 -979 10
-979 -958 10
-979 -937 10
55
267 -966 302
-573 653 156
-800 776 861
-303 146 745
-480 841 769
849 721 338
76 646 820
411 -287 883
-284 -556 493
-484 -421 992
567 -812 422
453 269 312
745 -394 769
484 -133 823
347 -657 137
670 328 340
-356 261 965
-506 240 71
-508 -669 422
-528 199 608
231 -380 30
-763 218 471
-706 -627 874
-455 842 726
172 863 989
170 -525 168
-434 -471 429
556 -128 571
-67 823 718
-535 596 92
-854 264 734
-214 -722 631
-137 669 19
-648 161 945
915 568 798
381 -922 215
-397 -135 429
351 -932 322
447 295 40
266 -7 12
134 664 133
-38 -851 791
387 -15 17
-68 287 584
-847 51 904
-969 -420 835
830 651 315
22 -855 778
950 -610 162
396 -844 558
-664 -9 418
156 -618 765
651 -923 961
-523 -760 793
778 77 794
80
-111 127 326
191 -825 633
-817 910 961
902 851 560
-960 -435 523
-410 -329 757
-857 -148 797
185 275 95
236 -709 116
958 178 92
553 198 205
481 505 720
-46 -73 108
85 -110 949
23 774 138
67 809 359
-944 -603 955
190 637 866
152 -980 722
106 -557 142
-403 147 202
174 -439 420
611 501 762
-643 143 87
179 -321 673
-395 573 630
973 -928 357
-860 -759 831
771 635 329
741 854 435
995 621 295
-613 -710 212
-950 330 152
93 890 330
521 -30 509
-583 -467 170
619 47 660
12 -155 222
-148 -901 77
600 312 966
911 -559 69
280 654 895
192 939 78
231 -620 60
-673 -842 597
-937 925 100
871 851 989
845 -844 205
-52 -771 949
-513 715 327
-806 -538 318
737 -763 372
235 -96 724
788 293 620
195 -288 760
-269 -52 971
-593 -575 213
-665 349 512
-886 -102 313
-839 326 626
-463 -275 926
840 -435 185
-755 -909 615
665 -207 299
-918 237 129
793 168 316
-312 -404 71
705 771 994
323 -129 711
-403 906 829
-270 -940 367
727 -303 538
-811 -214 832
-74 979 789
895 544 457
560 322 54
136 821 38
650 -333 122
204 173 314
-955 -316 679
53
-589 683 565
820 131 967
-954 -107 963
16 794 393
438 -623 417
-997 -234 496
781 65 902
697 -50 287
736 474 51
880 528 591
492 -121 206
-412 7 298
-946 -52 179
-606 342 913
-889 -102 766
364 -305 985
900 810 186
-494 953 360
695 191 883
-8 1 422
82 638 508
572 -547 13
-108 519 917
228 -304 342
863 77 294
29 -665 251
-138 -112 632
854 407 773
-659 53 17
-218 -314 281
-208 -824 103
510 375 996
160 -406 708
585 109 383
-296 -536 362
-806 -855 674
733 502 281
863 680 418
448 931 536
-1000 184 613
25 -409 131
683 588 385
698 498 250
266 945 851
403 -30 666
-909 212 254
354 980 354
-830 -4 543
-733 -310 814
-302 -897 713
-956 211 684
-178 736 534
62 -812 757
3
1 0 1
-1 0 1
1 0 1
21
0 1 1
0 3 1
0 5 1
0 7 1
0 9 1
0 11 1
0 13 1
0 15 1
0 17 1
0 19 1
-999 -1000 1
-997 -1000 1
-995 -1000 1
-993 -1000 1
-991 -1000 1
-989 -1000 1
-987 -1000 1
-985 -1000 1
-983 -1000 1
-981 -1000 1
0 -1 5
4
0 0 5
9 12 10
14 24 6
-22 12 22
2
-1000 0 1000
1000 1 1000
8
-18 26 1
-12 30 2
26 24 5
4 36 6
35 0 4
-35 0 4
20 -30 6
0 0 31
13
-502 10 1
-438 -616 1
643 -340 1
423 -786 2
-84 307 2
-315 77 2
-556 679 1
971 489 1
-667 -716 1
379 104 2
281 489 2
154 863 1
-902 29 1
30
-770 -338 2
-756 -23 2
398 -871 1
398 911 1
-324 -849 2
465 441 1
700 43 1
618 -426 1
441 227 1
-896 -962 2
-966 -471 1
-754 -10 2
665 545 1
-989 -338 2
-311 -316 2
-926 311 2
879 232 2
784 -628 1
-480 -927 2
-690 545 1
-286 -74 1
-138 973 2
683 -358 1
-207 205 1
-423 -170 2
-790 326 2
-151 -573 1
-852 650 1
-107 762 2
-807 -569 1
17
771 -233 1
72 -591 2
557 139 1
-360 -308 2
226 516 2
-271 -570 1
242 419 2
-29 706 1
474 164 1
996 733 2
160 57 2
-849 576 1
444 -796 1
-195 -277 1
639 801 1
-978 31 1
-656 -168 2
36
314 36 2
691 -913 2
757 332 1
79 -590 1
222 828 2
436 -599 2
411 -404 2
-313 731 2
-273 -932 1
-412 684 1
-263 67 1
759 581 2
573 -90 2
628 589 1
-202 652 2
958 443 2
-455 957 1
-826 -765 2
786 30 2
926 466 1
-233 458 1
770 613 1
-17 -16 2
741 442 2
-993 785 1
-805 881 1
-729 -260 2
492 -399 1
175 -241 1
-153 400 2
97 -892 1
-425 -655 2
794 952 1
614 549 1
-24 -832 1
-50 763 1
14
-181 661 1
169 -161 1
274 -834 2
-758 325 2
-560 -313 2
58 118 2
464 -470 2
-410 921 2
-224 282 1
-882 792 1
771 -510 1
920 -413 2
-387 215 2
702 981 1
100
650 120 42
-405 -166 40
855 557 28
-183 -183 12
-458 294 50
-250 -97 18
323 -33 11
783 -365 23
553 339 32
-581 -290 41
-12 -411 18
-878 723 46
-816 331 21
-439 931 48
244 93 15
-894 259 5
-859 -412 31
869 265 24
497 492 14
916 -688 9
-784 661 15
-801 -869 23
77 684 41
-95 -300 48
708 443 38
-54 -39 35
952 796 2
-277 892 13
386 -473 10
792 562 15
-229 -762 15
986 902 34
803 632 30
571 181 22
295 568 36
446 939 9
490 66 37
814 932 32
-262 -157 40
404 369 30
-719 741 49
-259 244 18
-65 191 38
301 246 13
596 -714 2
164 -60 10
594 823 48
49 326 35
-907 -744 14
820 -604 6
-828 -404 30
-258 66 11
594 -710 39
-740 54 10
114 -395 50
906 638 15
-397 -578 12
-672 322 14
-639 -907 35
365 431 6
120 510 21
-257 -477 4
100 150 41
-770 952 30
-243 906 9
98 -756 33
773 387 38
289 -667 45
-594 -814 10
925 -64 9
327 839 40
-620 -38 13
884 -231 16
-834 139 11
555 913 15
0 940 21
-882 -180 50
-411 -869 8
-737 -834 43
-453 -755 42
-543 728 25
263 -839 41
740 -888 1
158 -467 6
735 -127 12
266 753 26
-278 118 10
-866 -411 25
602 208 8
276 -210 29
-276 744 28
-646 333 3
-475 420 50
-405 273 39
147 -413 21
-985 250 32
-325 -827 48
541 -208 25
-851 883 34
304 913 18
