132
1 0
1 1
1 2
1 3
1 4
1 5
1 6
1 96
1 97
1 98
1 99
1 100
2 0
2 1
2 2
2 3
2 4
2 5
2 6
2 96
2 97
2 98
2 99
2 100
3 0
3 1
3 2
3 3
3 4
3 5
3 6
3 96
3 97
3 98
3 99
3 100
4 0
4 1
4 2
4 3
4 4
4 5
4 6
4 96
4 97
4 98
4 99
4 100
5 0
5 1
5 2
5 3
5 4
5 5
5 6
5 96
5 97
5 98
5 99
5 100
6 0
6 1
6 2
6 3
6 4
6 5
6 6
6 97
6 98
6 99
6 100
96 0
96 1
96 2
96 3
96 4
96 5
96 6
96 96
96 97
96 98
96 99
96 100
97 0
97 1
97 2
97 3
97 4
97 5
97 6
97 96
97 97
97 98
97 99
97 100
98 0
98 1
98 2
98 3
98 4
98 5
98 6
98 96
98 97
98 98
98 99
98 100
99 0
99 1
99 2
99 3
99 4
99 5
99 6
99 96
99 97
99 98
99 99
99 100
100 0
100 1
100 2
100 3
100 4
100 5
100 6
100 96
100 97
100 98
100 99
100 100
43 38
