1000
4 9 5 6
2 6 3 4
2 0 2 2
34 52 61 63
44 12 88 18
96 55 8 94
35 45 88 64
80 60 14 63
79 42 45 47
60 74 45 12
26 10 28 21
12 89 60 62
53 9 45 49
94 17 28 75
66 24 36 96
9 48 3 10
35 65 20 34
5 1 97 43
3 75 44 35
20 96 78 59
65 2 5 8
69 14 1 72
10 29 37 95
0 51 55 100
72 2 5 78
87 46 80 12
4 93 63 58
83 93 65 1
19 87 95 5
15 28 28 52
6 97 88 100
74 1 7 76
43 68 80 1
70 43 84 23
89 48 31 92
1 25 26 66
38 64 13 93
62 3 96 83
39 56 30 81
76 96 94 97
4 93 2 78
34 78 97 42
3 86 76 78
38 74 21 25
1 28 51 45
92 41 19 32
22 91 17 56
84 36 50 59
27 9 76 78
44 18 28 67
86 96 0 30
12 72 92 96
20 10 87 57
74 66 26 37
74 51 47 71
10 51 41 78
33 45 88 51
2 3 23 53
93 10 96 54
32 3 88 84
37 88 66 63
18 1 14 13
70 96 95 20
4 80 5 14
78 12 88 78
5 16 55 40
100 59 43 99
68 87 87 85
44 81 6 44
7 91 17 31
1 83 35 60
42 63 82 88
88 79 80 39
77 1 98 33
87 55 69 0
53 60 10 81
14 53 16 34
52 60 14 64
80 27 41 68
18 42 37 40
21 59 26 65
39 9 22 94
41 53 62 16
1 61 98 16
4 69 94 33
19 56 73 45
1 38 100 63
73 97 31 44
72 90 18 3
40 84 70 74
7 66 5 23
56 77 45 22
75 12 88 29
66 90 76 54
35 25 4 34
100 46 43 1
66 66 70 94
67 4 77 65
44 17 3 42
44 8 77 65
48 97 68 19
92 65 47 11
1 19 98 97
67 2 56 19
80 20 76 68
59 14 78 28
13 30 58 21
35 55 0 94
45 45 48 84
41 76 62 82
71 58 25 23
22 49 18 38
1 64 24 15
41 94 66 65
98 68 9 83
74 34 3 70
77 91 99 11
62 45 52 100
91 51 43 8
100 67 62 42
20 38 72 14
52 90 98 69
18 24 57 56
79 28 73 62
92 74 37 27
39 81 98 22
97 81 27 34
55 59 49 57
64 61 10 99
29 93 10 27
16 98 5 83
51 30 35 64
22 35 45 93
52 98 15 61
21 87 82 3
65 53 24 91
86 20 99 43
20 35 31 28
1 76 36 70
85 20 79 0
98 2 27 41
42 90 69 6
83 45 2 14
52 73 33 97
50 94 74 27
55 69 28 50
96 8 32 45
49 67 78 32
68 40 62 36
43 43 34 71
7 97 85 94
81 77 56 16
18 44 46 52
69 34 14 33
42 91 19 1
38 66 37 76
7 89 33 39
77 54 93 53
100 78 49 7
1 79 23 40
70 81 89 100
30 1 64 90
55 99 80 73
35 36 16 92
64 38 86 17
53 63 15 88
43 99 70 3
46 28 96 87
33 29 19 10
49 46 83 36
15 40 29 61
71 49 86 21
16 27 87 32
34 90 3 56
52 14 72 22
27 9 21 23
8 95 16 5
18 26 60 56
18 48 11 4
58 23 12 59
9 70 88 81
0 88 51 40
83 90 13 41
27 28 20 20
2 7 77 94
4 52 31 30
72 68 22 23
61 7 45 72
100 43 61 100
49 33 3 41
35 85 78 61
57 25 14 32
57 58 60 20
45 73 98 56
71 15 76 9
8 39 83 19
14 33 87 27
27 58 71 44
44 64 54 17
33 71 52 19
59 81 96 4
92 15 61 64
90 92 13 89
7 54 18 60
52 57 33 40
68 62 67 73
89 32 19 8
39 54 17 30
69 66 78 85
14 67 63 35
88 41 12 70
23 38 37 48
62 18 44 71
82 64 35 70
3 90 86 35
51 93 21 21
36 78 97 54
6 84 61 6
35 29 1 26
10 29 9 97
65 58 56 19
6 99 73 52
67 52 6 42
63 24 54 5
67 71 48 26
35 81 96 43
11 67 51 95
65 32 82 21
91 70 90 81
24 84 74 4
87 15 17 25
39 100 86 7
46 56 22 73
97 3 66 8
28 82 3 16
100 44 32 84
53 95 35 41
42 43 96 43
8 59 5 5
61 84 90 10
78 18 99 18
17 85 68 23
59 14 0 51
37 97 43 24
7 7 10 11
91 15 56 78
77 28 78 15
9 21 16 77
6 49 50 4
30 93 91 58
58 12 96 78
95 80 18 81
12 56 90 42
88 0 82 90
26 46 94 68
72 20 58 98
33 12 95 49
89 51 95 58
87 27 94 59
55 34 14 12
48 41 23 64
50 93 86 68
55 77 58 87
9 90 65 7
8 82 51 68
28 85 6 21
62 10 3 62
20 78 77 29
63 48 74 18
58 31 97 26
58 94 82 77
97 100 46 41
19 74 45 2
69 83 59 47
12 68 95 45
70 91 98 2
78 41 7 72
57 65 87 80
58 13 37 59
16 69 28 75
85 30 84 1
85 11 19 11
59 88 91 99
47 62 11 42
59 25 58 100
68 18 83 7
8 83 82 9
83 30 100 87
18 87 79 74
69 74 64 69
32 67 33 17
29 74 37 55
38 28 64 7
17 70 10 69
5 31 5 31
70 92 39 98
97 95 76 38
46 29 36 18
80 60 63 98
92 42 35 42
47 19 65 59
84 74 19 71
12 60 47 2
57 52 32 94
85 35 99 2
21 52 18 69
87 42 55 66
84 24 6 73
55 39 38 49
93 92 9 64
76 57 6 81
86 3 10 6
19 72 63 73
13 91 58 58
79 58 10 89
5 18 6 64
24 85 69 73
33 29 37 49
99 93 90 55
28 21 9 31
68 6 6 0
91 90 1 11
35 4 73 60
24 6 98 37
75 26 54 77
53 18 26 82
7 11 44 21
1 80 9 76
14 10 89 50
11 83 58 20
54 93 95 0
59 38 23 16
86 44 45 77
42 81 90 18
33 18 68 74
37 49 6 74
66 46 10 74
86 59 62 54
2 84 35 29
44 36 53 97
57 38 54 20
96 18 18 28
98 10 74 86
45 57 88 39
31 3 28 46
69 51 66 0
6 85 69 17
85 79 77 31
60 18 24 13
96 0 88 22
1 18 26 29
77 98 80 79
40 33 96 31
29 33 72 71
31 87 29 78
29 58 40 44
91 42 53 0
12 42 28 99
92 77 29 69
56 31 66 6
26 55 100 45
3 85 25 95
5 15 59 78
5 60 63 5
8 89 23 34
87 70 83 76
34 18 95 83
61 75 72 97
47 28 52 55
10 56 6 17
23 42 0 82
65 49 1 92
72 51 61 1
29 56 91 58
23 63 27 92
79 8 55 62
46 62 78 68
91 62 57 88
40 97 24 79
96 41 19 6
43 75 45 68
68 35 24 4
3 47 48 55
19 78 68 3
37 65 94 95
40 88 11 44
67 41 31 52
9 14 75 65
3 31 91 23
55 24 58 31
90 38 77 29
64 13 21 61
72 62 53 66
61 82 44 61
61 48 58 60
96 13 17 26
12 81 67 36
45 23 23 94
39 77 85 77
94 4 15 92
36 10 71 23
89 66 73 97
58 69 18 87
86 80 99 28
19 6 86 73
68 90 20 30
46 37 38 24
7 98 19 19
15 27 58 33
54 26 35 61
85 81 31 86
51 20 55 4
36 61 86 3
45 19 90 51
32 44 42 38
43 48 0 17
63 43 1 75
25 63 62 21
88 87 99 12
73 32 80 32
6 92 56 67
22 78 12 90
90 24 46 95
45 62 48 20
41 71 83 47
63 79 83 63
84 21 44 20
51 62 61 0
35 44 92 16
30 30 21 35
76 69 87 54
55 55 45 44
25 96 74 53
39 65 58 19
78 52 8 53
15 27 80 81
9 76 53 2
10 91 89 89
45 60 52 3
0 10 30 57
16 85 80 70
77 97 63 56
44 17 92 90
79 100 36 100
87 15 26 64
12 75 17 36
18 87 15 99
75 8 74 40
86 50 57 60
23 80 77 60
43 56 97 92
25 54 3 66
0 35 50 84
89 96 43 89
29 83 31 79
27 30 50 22
89 63 32 70
38 52 31 16
68 41 86 37
67 79 13 32
5 28 78 100
53 37 82 55
79 27 29 85
61 32 57 3
49 27 51 75
84 32 38 88
53 14 30 20
80 18 34 24
38 40 75 36
55 2 69 51
85 59 6 2
82 91 54 29
46 94 8 69
68 21 63 82
17 47 80 74
34 12 45 98
15 68 53 24
94 38 28 63
58 24 47 54
97 23 26 44
36 38 20 39
43 54 87 21
7 33 24 86
40 62 37 13
18 81 70 51
29 100 29 87
63 13 42 80
47 7 32 95
43 60 42 20
43 69 49 7
0 90 75 81
20 26 81 6
45 10 24 20
69 67 99 68
72 12 38 69
68 11 5 57
54 87 57 25
27 63 69 44
45 11 33 89
98 92 80 19
16 91 5 53
10 53 29 86
6 27 50 7
15 93 41 70
48 50 12 2
2 61 26 23
61 0 23 10
9 90 68 46
50 74 17 20
59 77 76 28
40 17 75 16
53 36 39 91
27 0 98 94
87 72 7 82
42 54 32 79
8 54 50 20
89 58 96 58
6 89 77 59
85 27 29 100
36 100 68 3
20 49 68 14
8 31 24 39
20 22 21 6
14 41 87 74
28 58 38 53
51 96 30 28
39 74 57 24
54 25 76 35
50 58 69 48
33 18 25 14
66 30 51 71
25 45 96 8
32 61 58 93
78 6 68 46
58 58 96 3
46 94 31 32
74 22 55 87
69 40 43 87
14 33 27 85
15 75 95 4
86 80 85 68
73 5 10 76
75 65 79 10
34 19 76 74
26 32 25 82
14 16 73 36
60 100 78 61
49 31 24 40
66 35 46 34
12 19 60 76
27 55 100 5
98 77 2 20
32 26 99 56
17 61 51 4
50 34 5 42
93 80 80 17
42 64 83 63
40 73 70 66
51 18 35 15
64 39 50 22
46 98 4 78
1 8 69 16
43 90 78 87
38 18 61 0
76 57 61 45
58 77 82 52
53 6 7 68
10 79 87 34
79 80 42 33
47 25 44 35
63 55 59 84
88 42 58 90
10 91 20 55
72 71 48 61
90 3 40 3
48 56 49 62
75 64 89 36
71 71 40 77
84 0 76 61
18 11 61 75
51 23 30 1
78 24 52 38
86 39 72 84
14 93 26 1
35 21 81 58
47 18 30 92
20 59 94 50
14 71 36 27
50 76 33 66
53 34 77 31
89 40 13 8
17 5 14 28
76 28 7 98
15 76 51 34
12 4 95 86
4 9 90 34
38 91 7 39
66 78 6 24
1 27 56 61
51 55 0 30
85 62 47 46
17 78 68 33
32 32 33 57
2 79 1 79
68 100 16 1
71 95 79 94
89 77 21 57
37 86 24 98
87 61 45 50
14 12 91 63
77 65 54 30
92 78 48 83
96 36 100 36
21 95 34 90
50 34 62 98
31 63 42 24
71 98 0 0
18 78 4 59
69 69 63 46
33 96 27 45
84 32 98 57
61 86 87 98
10 55 42 61
54 11 58 27
91 8 67 100
53 7 85 20
11 19 56 0
31 58 69 63
70 46 46 70
42 4 85 27
4 1 1 49
58 67 26 50
5 7 93 73
40 34 97 21
52 16 100 37
55 31 15 16
52 53 68 46
17 96 31 47
13 99 25 54
52 63 58 50
77 24 40 34
10 54 1 95
69 15 71 1
37 27 96 85
92 95 35 22
56 94 94 19
97 41 38 15
97 82 0 65
49 86 40 57
1 48 97 9
97 72 16 26
76 3 56 100
42 91 0 59
1 87 74 73
9 65 37 79
82 26 12 36
24 96 74 5
98 86 81 10
77 7 39 14
44 91 93 17
76 12 63 19
28 84 35 11
13 6 47 62
83 49 88 74
7 56 75 68
69 22 60 50
81 80 64 65
99 22 78 29
72 20 33 4
96 0 45 32
75 85 9 92
68 26 67 43
53 19 61 78
29 94 85 26
18 49 71 48
99 56 8 3
31 20 34 13
5 72 30 6
52 37 3 61
43 72 4 3
53 50 97 16
34 88 45 100
35 12 7 94
22 62 97 51
81 27 4 19
59 60 61 37
78 92 30 8
19 17 22 87
18 13 70 27
81 7 47 59
6 35 33 72
31 74 69 92
78 46 5 81
46 88 88 19
61 46 94 53
16 66 44 41
42 11 45 77
58 75 5 64
68 14 38 80
30 33 83 22
75 21 19 61
38 60 8 69
10 85 77 30
24 60 29 74
14 44 62 37
69 0 47 99
44 42 0 74
69 70 89 40
6 73 65 17
78 52 57 24
85 43 20 76
64 68 12 63
58 53 0 74
27 18 41 9
69 2 89 5
45 72 27 66
12 8 99 33
38 15 18 19
99 5 92 29
7 33 42 64
19 84 38 20
30 92 65 47
84 60 92 82
21 94 18 71
10 75 65 52
79 18 90 91
53 82 94 15
33 73 96 89
38 43 1 100
79 49 69 65
84 59 29 80
98 55 87 61
8 62 100 27
43 70 25 61
49 16 27 62
40 66 57 80
11 60 75 25
23 27 74 18
44 44 67 36
73 5 37 48
33 47 15 93
14 10 40 49
4 89 59 43
57 62 42 22
69 18 2 54
45 77 64 18
35 18 69 44
61 48 2 84
97 46 47 65
11 94 33 1
44 97 47 39
86 20 15 84
38 59 18 78
48 35 53 59
43 32 53 31
60 5 14 18
46 25 0 58
77 20 8 41
99 68 35 50
68 56 18 93
63 82 71 9
59 72 9 63
80 39 94 7
10 100 35 76
87 32 1 27
78 11 52 4
71 32 44 23
90 18 98 12
40 92 36 4
70 27 21 98
68 81 54 69
7 75 23 5
49 0 52 37
98 59 98 36
86 78 22 7
41 56 39 15
72 34 95 70
84 27 86 13
83 74 28 98
37 39 56 68
39 7 11 42
64 48 15 62
35 1 99 15
41 3 37 98
11 18 31 87
87 61 39 86
96 94 25 49
25 51 50 70
60 91 21 6
7 34 32 99
3 16 96 14
30 85 36 44
83 90 65 49
66 91 44 74
17 27 53 78
21 53 6 2
79 5 26 29
31 40 36 28
2 47 11 30
49 47 36 16
2 60 72 41
4 35 90 60
72 49 74 42
91 84 91 55
38 97 68 7
66 92 39 54
32 19 60 38
94 42 79 49
39 18 97 80
51 80 73 97
98 43 78 53
70 71 70 39
15 71 4 76
5 99 68 81
67 40 11 4
84 0 26 33
31 38 61 18
93 64 98 1
23 75 42 96
68 2 77 54
55 97 44 13
32 73 9 43
35 60 96 50
12 27 20 87
26 54 65 81
84 91 57 35
94 43 49 67
0 21 79 57
41 35 36 97
86 67 84 34
43 7 73 58
73 14 68 98
4 10 82 33
31 52 95 16
47 54 26 53
69 13 92 13
97 23 38 86
55 5 34 100
37 30 61 47
67 50 72 31
47 48 7 44
40 3 24 24
6 99 39 90
99 67 42 84
70 65 41 55
80 7 51 83
78 77 69 13
24 75 63 70
7 20 11 17
89 27 86 39
9 26 12 84
59 20 75 87
91 0 75 27
16 43 49 89
46 55 53 73
37 65 98 57
14 24 43 51
18 6 28 8
39 20 31 69
51 81 99 9
12 57 39 47
33 37 64 2
97 22 79 42
74 36 33 69
48 51 26 98
60 92 1 3
85 36 77 14
33 2 23 46
90 38 6 93
10 44 16 34
45 63 67 85
66 67 35 88
48 92 93 82
12 12 5 80
93 43 34 65
50 27 61 98
41 32 94 0
78 0 60 7
1 58 54 33
88 13 22 46
25 61 59 96
50 40 45 94
67 54 75 6
35 92 17 23
80 22 100 19
40 24 58 12
70 10 68 97
36 77 14 62
84 41 81 76
87 73 43 86
79 37 77 20
16 93 54 54
73 86 75 44
49 51 78 35
29 31 10 92
99 94 53 53
27 15 51 95
32 98 30 94
32 8 85 78
25 95 66 4
84 59 5 88
3 50 51 91
46 40 99 27
24 17 24 0
54 11 70 62
39 77 21 17
36 74 41 44
81 81 6 22
22 60 46 92
49 79 20 21
1 5 41 60
56 80 48 31
78 79 34 19
15 13 40 97
29 52 86 24
42 54 50 22
49 11 68 40
13 83 79 71
85 89 7 23
25 86 45 86
50 71 20 1
86 9 60 1
93 51 41 61
62 56 40 26
38 14 74 22
76 8 96 64
100 33 97 24
76 86 68 94
89 93 99 20
19 91 56 99
94 17 17 62
88 57 85 35
38 65 8 21
68 47 76 83
38 56 69 67
18 79 38 79
77 61 66 97
45 73 83 69
65 80 73 52
25 97 83 22
29 82 40 88
10 3 31 20
99 20 11 91
46 61 18 33
56 18 83 37
97 26 27 27
17 64 4 26
44 41 49 62
66 79 48 79
50 61 26 4
41 3 96 2
16 44 24 90
71 35 59 92
7 31 45 1
8 27 46 84
50 51 67 65
91 83 34 74
61 26 95 54
88 87 69 80
91 74 71 59
61 65 68 30
80 54 49 48
87 13 4 4
37 93 65 54
35 31 82 58
84 88 31 44
21 37 9 5
76 95 58 70
77 83 65 27
61 38 46 14
25 47 75 34
71 71 28 27
51 6 5 21
96 12 64 42
62 78 44 45
57 16 18 78
16 47 13 100
28 42 22 15
30 51 13 15
39 98 69 75
66 27 11 51
15 16 21 42
55 87 33 20
32 11 87 65
74 81 23 22
17 36 77 88
68 8 0 100
88 23 24 60
75 72 49 8
75 20 92 80
21 9 82 20
100 35 14 19
49 0 100 27
58 79 41 26
39 78 94 57
81 59 17 54
76 91 40 4
55 0 3 37
92 10 51 44
23 99 80 64
