1029
9396
8435
5871
3442
8528
7366
8336
7095
5361
872
4562
5496
4711
5964
9746
3319
506
9759
3614
3713
916
9676
1370
2171
2950
7565
5786
1802
7163
2740
3609
10000
6004
1051
9457
3121
7611
3565
1650
5680
3934
7486
6824
8795
4701
6856
9341
5225
7194
5383
6017
7309
9666
9999
4091
9058
3197
8819
2198
9724
3938
8446
9091
3685
3494
6408
215
8394
9018
9573
4985
7851
1773
9398
3647
3409
8386
6983
2127
5701
4449
3347
9558
4682
6926
2854
584
5141
6358
7753
1677
5762
5931
2486
7992
4137
4968
753
4298
6872
5759
8601
7240
7096
3745
3186
7545
5777
4197
8364
9177
6661
9998
3151
6693
3625
5855
1308
6611
1022
5442
9531
4393
5399
7142
3743
3986
5499
2517
5118
796
6738
7848
8701
9364
3141
3746
5918
2349
9513
626
2892
1127
1895
5986
4429
3781
144
6248
241
3147
7466
9147
3359
7051
9318
9459
1188
3001
7000
7432
5224
4832
8301
7190
7693
8879
8029
7265
9697
5420
7747
6951
1422
7854
1807
3305
2310
5926
5023
298
5528
6436
3225
4675
1730
469
1232
9638
1297
7863
5348
1468
5073
1889
1005
7599
964
1296
1991
5156
6835
9942
7059
7760
790
5850
3928
9299
6691
7105
1091
8318
1496
9491
3396
5218
9039
2229
5937
2767
4649
2006
1225
3652
755
2124
489
7456
5124
3499
5037
9065
7318
1506
4785
7054
4762
7263
8515
2691
3815
3883
3270
8781
6857
8212
9849
6877
6598
2095
7094
7342
2847
6618
9974
2097
1362
33
70
8020
175
5118
1343
1601
9647
411
9104
7539
7822
2753
6153
3256
155
5015
3714
5593
6127
7742
6582
6029
7961
279
6874
1510
7242
8642
1386
4404
258
8559
8738
2797
3282
2315
8650
2816
3345
2632
6577
6729
7034
8503
2848
4625
9933
6969
1423
8781
6493
715
8294
4232
2476
5342
359
4725
745
3429
689
4894
8647
5767
3360
4438
1170
8698
9151
2989
8324
4402
6098
2496
4160
3956
7607
4067
9097
2783
3079
8772
6181
1605
5164
4311
5280
8207
1351
1151
8720
80
4804
7147
5960
7223
8283
3209
9922
3650
9356
7978
3788
2942
4942
1483
6985
9255
7293
1210
3220
3313
8347
63
4922
9266
3352
3770
2602
6878
8818
2557
6172
8782
7681
9578
3611
317
8727
1533
1094
5474
3096
1953
3520
7585
8873
5658
7652
8798
5789
5053
5219
5254
374
3441
6302
6768
9366
9186
7994
9292
9801
2686
5407
2738
4716
4213
9553
3645
8784
1000
6016
2937
1372
8163
8024
8108
5574
6334
9653
7210
6910
6091
1754
7175
7295
6909
4672
1834
6339
4337
2861
3277
1671
8709
4960
4308
2089
9899
6570
2777
7696
6325
3884
8728
1
2445
6740
1955
3253
5390
1130
7150
3273
463
3891
0
9050
4068
409
3177
9339
9509
1629
8482
3506
3114
5607
4254
2508
2857
8556
7623
9376
7497
5237
5982
1841
9496
2449
3270
2063
558
9429
7979
5655
8355
5295
9350
6843
6045
9627
8137
9008
7121
9409
8170
8866
7143
9416
8354
6567
7651
9571
2917
8501
7818
9917
4888
9949
5374
815
303
2258
4225
767
7764
4643
3702
1982
860
6723
1893
6137
7037
3626
4533
9359
7857
7227
4511
9859
5579
3070
8461
3910
343
4520
3847
508
6039
8530
3586
6229
8310
7123
6117
4
5899
6988
9936
1589
4158
7791
5603
4072
9274
4200
8366
5234
3579
5868
3097
3467
5094
9854
3683
5275
4349
8064
1924
2292
543
9997
1211
4034
4492
6824
8775
5020
9007
4112
6414
6488
1353
7530
2871
9494
6346
5551
8748
9378
4076
3467
4308
6422
1756
8421
5220
7099
4186
2724
301
2599
37
630
4833
7772
5412
72
5641
4476
7823
7548
6821
9567
4744
8131
8046
6272
1930
5887
6885
9973
4113
7160
2691
9267
2563
9529
3
8429
3606
8636
1557
7947
6913
1617
7146
2688
9454
3174
4830
6052
4553
7319
7852
4834
625
1147
5714
7077
3903
728
8615
8015
3970
3024
7112
1910
4602
4734
1419
4231
8733
2986
6464
1778
9960
4447
93
6087
994
529
938
4079
2092
1466
1806
6787
7840
4145
5010
6917
4631
2766
1560
2902
8735
9911
5757
2997
9029
4932
9996
1010
2250
159
5885
8807
4933
8917
9176
8343
5758
4119
816
8793
5698
5809
4013
6096
3523
407
4976
2305
3175
91
9049
8169
9420
798
1653
3604
3422
8932
8166
9139
3172
9118
6340
4573
4196
8611
8697
1577
2594
2664
2745
7692
9138
8178
6450
7847
6135
3881
9358
7475
5122
2956
8548
4883
9331
1039
4527
3708
3844
1117
5973
6114
5837
206
6160
4432
1313
5967
8542
7877
2233
7932
9431
1247
3927
9912
1864
2770
2870
1760
6707
3732
1100
8569
1842
8969
9054
9816
9149
985
7872
7118
9613
7975
4751
1918
6330
5592
7326
480
6570
7100
9712
7024
1319
7016
629
7859
6571
4802
3790
2
1206
6338
2083
361
1396
6625
9873
8936
4974
8554
1265
6538
9500
2140
8019
9038
5305
7217
799
219
2235
7819
3767
7668
843
2304
1378
5715
1764
7719
7785
3050
2374
1280
5910
2506
7494
3807
1404
5614
9160
1332
3992
6753
2238
1494
7587
3127
9752
4002
2077
1674
9718
2326
9576
867
9355
2020
7568
8806
9012
4596
7586
8433
2209
4181
2721
8504
8106
6578
7040
111
1813
7556
4379
1196
3672
9904
5177
9668
6206
8645
2199
9285
3501
2979
1568
8356
4218
6715
4525
7622
8281
807
7525
8631
9678
4799
5438
7349
1829
2474
2986
2317
772
1164
4782
5902
2504
3267
5965
4871
6076
6149
7593
7512
402
288
8728
1219
3321
9608
3106
4521
9052
5142
5821
8259
2623
5843
9320
1382
2196
9672
8921
6804
7595
2165
8072
6933
5502
4377
5925
797
8827
1361
5775
4612
9246
1298
4693
4964
5074
4390
9606
4187
1141
987
1346
8401
8389
1270
2825
3803
157
674
3144
8259
1920
6870
9006
2248
6115
7317
2294
3088
6851
6902
3552
9787
9158
2265
7902
5878
3241
1062
2289
9656
7677
3722
2859
8564
1825
3340
5798
3232
3945
7797
9895
5484
7449
7423
9730
5461
3962
2562
7925
960
6471
